256 2
0 0
0 .066666
0 .133333
0 .200000
0 .266666
0 .333333
0 .400000
0 .466666
0 .533333
0 .600000
0 .666666
0 .733333
0 .800000
0 .866666
0 .933333
0 1.000000
.066666 0
.066666 .066666
.066666 .133333
.066666 .200000
.066666 .266666
.066666 .333333
.066666 .400000
.066666 .466666
.066666 .533333
.066666 .600000
.066666 .666666
.066666 .733333
.066666 .800000
.066666 .866666
.066666 .933333
.066666 1.000000
.133333 0
.133333 .066666
.133333 .133333
.133333 .200000
.133333 .266666
.133333 .333333
.133333 .400000
.133333 .466666
.133333 .533333
.133333 .600000
.133333 .666666
.133333 .733333
.133333 .800000
.133333 .866666
.133333 .933333
.133333 1.000000
.200000 0
.200000 .066666
.200000 .133333
.200000 .200000
.200000 .266666
.200000 .333333
.200000 .400000
.200000 .466666
.200000 .533333
.200000 .600000
.200000 .666666
.200000 .733333
.200000 .800000
.200000 .866666
.200000 .933333
.200000 1.000000
.266666 0
.266666 .066666
.266666 .133333
.266666 .200000
.266666 .266666
.266666 .333333
.266666 .400000
.266666 .466666
.266666 .533333
.266666 .600000
.266666 .666666
.266666 .733333
.266666 .800000
.266666 .866666
.266666 .933333
.266666 1.000000
.333333 0
.333333 .066666
.333333 .133333
.333333 .200000
.333333 .266666
.333333 .333333
.333333 .400000
.333333 .466666
.333333 .533333
.333333 .600000
.333333 .666666
.333333 .733333
.333333 .800000
.333333 .866666
.333333 .933333
.333333 1.000000
.400000 0
.400000 .066666
.400000 .133333
.400000 .200000
.400000 .266666
.400000 .333333
.400000 .400000
.400000 .466666
.400000 .533333
.400000 .600000
.400000 .666666
.400000 .733333
.400000 .800000
.400000 .866666
.400000 .933333
.400000 1.000000
.466666 0
.466666 .066666
.466666 .133333
.466666 .200000
.466666 .266666
.466666 .333333
.466666 .400000
.466666 .466666
.466666 .533333
.466666 .600000
.466666 .666666
.466666 .733333
.466666 .800000
.466666 .866666
.466666 .933333
.466666 1.000000
.533333 0
.533333 .066666
.533333 .133333
.533333 .200000
.533333 .266666
.533333 .333333
.533333 .400000
.533333 .466666
.533333 .533333
.533333 .600000
.533333 .666666
.533333 .733333
.533333 .800000
.533333 .866666
.533333 .933333
.533333 1.000000
.600000 0
.600000 .066666
.600000 .133333
.600000 .200000
.600000 .266666
.600000 .333333
.600000 .400000
.600000 .466666
.600000 .533333
.600000 .600000
.600000 .666666
.600000 .733333
.600000 .800000
.600000 .866666
.600000 .933333
.600000 1.000000
.666666 0
.666666 .066666
.666666 .133333
.666666 .200000
.666666 .266666
.666666 .333333
.666666 .400000
.666666 .466666
.666666 .533333
.666666 .600000
.666666 .666666
.666666 .733333
.666666 .800000
.666666 .866666
.666666 .933333
.666666 1.000000
.733333 0
.733333 .066666
.733333 .133333
.733333 .200000
.733333 .266666
.733333 .333333
.733333 .400000
.733333 .466666
.733333 .533333
.733333 .600000
.733333 .666666
.733333 .733333
.733333 .800000
.733333 .866666
.733333 .933333
.733333 1.000000
.800000 0
.800000 .066666
.800000 .133333
.800000 .200000
.800000 .266666
.800000 .333333
.800000 .400000
.800000 .466666
.800000 .533333
.800000 .600000
.800000 .666666
.800000 .733333
.800000 .800000
.800000 .866666
.800000 .933333
.800000 1.000000
.866666 0
.866666 .066666
.866666 .133333
.866666 .200000
.866666 .266666
.866666 .333333
.866666 .400000
.866666 .466666
.866666 .533333
.866666 .600000
.866666 .666666
.866666 .733333
.866666 .800000
.866666 .866666
.866666 .933333
.866666 1.000000
.933333 0
.933333 .066666
.933333 .133333
.933333 .200000
.933333 .266666
.933333 .333333
.933333 .400000
.933333 .466666
.933333 .533333
.933333 .600000
.933333 .666666
.933333 .733333
.933333 .800000
.933333 .866666
.933333 .933333
.933333 1.000000
1.000000 0
1.000000 .066666
1.000000 .133333
1.000000 .200000
1.000000 .266666
1.000000 .333333
1.000000 .400000
1.000000 .466666
1.000000 .533333
1.000000 .600000
1.000000 .666666
1.000000 .733333
1.000000 .800000
1.000000 .866666
1.000000 .933333
1.000000 1.000000
