256
0 0
0 .040000
0 .080000
0 .120000
0 .160000
0 .200000
0 .240000
0 .280000
0 .320000
0 .360000
0 .400000
0 .440000
0 .480000
0 .520000
0 .560000
0 .600000
0 .640000
0 .680000
0 .720000
0 .760000
0 .800000
0 .840000
0 .880000
0 .920000
0 .960000
0 1.000000
.040000 0
.040000 .040000
.040000 .080000
.040000 .120000
.040000 .160000
.040000 .200000
.040000 .240000
.040000 .280000
.040000 .320000
.040000 .360000
.040000 .400000
.040000 .440000
.040000 .480000
.040000 .520000
.040000 .560000
.040000 .600000
.040000 .640000
.040000 .680000
.040000 .720000
.040000 .760000
.040000 .800000
.040000 .840000
.040000 .880000
.040000 .920000
.040000 .960000
.040000 1.000000
.080000 0
.080000 .040000
.080000 .080000
.080000 .120000
.080000 .160000
.080000 .200000
.080000 .240000
.080000 .280000
.080000 .320000
.080000 .360000
.080000 .400000
.080000 .440000
.080000 .480000
.080000 .520000
.080000 .560000
.080000 .600000
.080000 .640000
.080000 .680000
.080000 .720000
.080000 .760000
.080000 .800000
.080000 .840000
.080000 .880000
.080000 .920000
.080000 .960000
.080000 1.000000
.120000 0
.120000 .040000
.120000 .080000
.120000 .120000
.120000 .160000
.120000 .200000
.120000 .240000
.120000 .280000
.120000 .320000
.120000 .360000
.120000 .400000
.120000 .440000
.120000 .480000
.120000 .520000
.120000 .560000
.120000 .600000
.120000 .640000
.120000 .680000
.120000 .720000
.120000 .760000
.120000 .800000
.120000 .840000
.120000 .880000
.120000 .920000
.120000 .960000
.120000 1.000000
.160000 0
.160000 .040000
.160000 .080000
.160000 .120000
.160000 .160000
.160000 .200000
.160000 .240000
.160000 .280000
.160000 .320000
.160000 .360000
.160000 .400000
.160000 .440000
.160000 .480000
.160000 .520000
.160000 .560000
.160000 .600000
.160000 .640000
.160000 .680000
.160000 .720000
.160000 .760000
.160000 .800000
.160000 .840000
.160000 .880000
.160000 .920000
.160000 .960000
.160000 1.000000
.200000 0
.200000 .040000
.200000 .080000
.200000 .120000
.200000 .160000
.200000 .200000
.200000 .240000
.200000 .280000
.200000 .320000
.200000 .360000
.200000 .400000
.200000 .440000
.200000 .480000
.200000 .520000
.200000 .560000
.200000 .600000
.200000 .640000
.200000 .680000
.200000 .720000
.200000 .760000
.200000 .800000
.200000 .840000
.200000 .880000
.200000 .920000
.200000 .960000
.200000 1.000000
.240000 0
.240000 .040000
.240000 .080000
.240000 .120000
.240000 .160000
.240000 .200000
.240000 .240000
.240000 .280000
.240000 .320000
.240000 .360000
.240000 .400000
.240000 .440000
.240000 .480000
.240000 .520000
.240000 .560000
.240000 .600000
.240000 .640000
.240000 .680000
.240000 .720000
.240000 .760000
.240000 .800000
.240000 .840000
.240000 .880000
.240000 .920000
.240000 .960000
.240000 1.000000
.280000 0
.280000 .040000
.280000 .080000
.280000 .120000
.280000 .160000
.280000 .200000
.280000 .240000
.280000 .280000
.280000 .320000
.280000 .360000
.280000 .400000
.280000 .440000
.280000 .480000
.280000 .520000
.280000 .560000
.280000 .600000
.280000 .640000
.280000 .680000
.280000 .720000
.280000 .760000
.280000 .800000
.280000 .840000
.280000 .880000
.280000 .920000
.280000 .960000
.280000 1.000000
.320000 0
.320000 .040000
.320000 .080000
.320000 .120000
.320000 .160000
.320000 .200000
.320000 .240000
.320000 .280000
.320000 .320000
.320000 .360000
.320000 .400000
.320000 .440000
.320000 .480000
.320000 .520000
.320000 .560000
.320000 .600000
.320000 .640000
.320000 .680000
.320000 .720000
.320000 .760000
.320000 .800000
.320000 .840000
.320000 .880000
.320000 .920000
.320000 .960000
.320000 1.000000
.360000 0
.360000 .040000
.360000 .080000
.360000 .120000
.360000 .160000
.360000 .200000
.360000 .240000
.360000 .280000
.360000 .320000
.360000 .360000
.360000 .400000
.360000 .440000
.360000 .480000
.360000 .520000
.360000 .560000
.360000 .600000
.360000 .640000
.360000 .680000
.360000 .720000
.360000 .760000
.360000 .800000
.360000 .840000
.360000 .880000
.360000 .920000
.360000 .960000
.360000 1.000000
.400000 0
.400000 .040000
.400000 .080000
.400000 .120000
.400000 .160000
.400000 .200000
.400000 .240000
.400000 .280000
.400000 .320000
.400000 .360000
.400000 .400000
.400000 .440000
.400000 .480000
.400000 .520000
.400000 .560000
.400000 .600000
.400000 .640000
.400000 .680000
.400000 .720000
.400000 .760000
.400000 .800000
.400000 .840000
.400000 .880000
.400000 .920000
.400000 .960000
.400000 1.000000
.440000 0
.440000 .040000
.440000 .080000
.440000 .120000
.440000 .160000
.440000 .200000
.440000 .240000
.440000 .280000
.440000 .320000
.440000 .360000
.440000 .400000
.440000 .440000
.440000 .480000
.440000 .520000
.440000 .560000
.440000 .600000
.440000 .640000
.440000 .680000
.440000 .720000
.440000 .760000
.440000 .800000
.440000 .840000
.440000 .880000
.440000 .920000
.440000 .960000
.440000 1.000000
.480000 0
.480000 .040000
.480000 .080000
.480000 .120000
.480000 .160000
.480000 .200000
.480000 .240000
.480000 .280000
.480000 .320000
.480000 .360000
.480000 .400000
.480000 .440000
.480000 .480000
.480000 .520000
.480000 .560000
.480000 .600000
.480000 .640000
.480000 .680000
.480000 .720000
.480000 .760000
.480000 .800000
.480000 .840000
.480000 .880000
.480000 .920000
.480000 .960000
.480000 1.000000
.520000 0
.520000 .040000
.520000 .080000
.520000 .120000
.520000 .160000
.520000 .200000
.520000 .240000
.520000 .280000
.520000 .320000
.520000 .360000
.520000 .400000
.520000 .440000
.520000 .480000
.520000 .520000
.520000 .560000
.520000 .600000
.520000 .640000
.520000 .680000
.520000 .720000
.520000 .760000
.520000 .800000
.520000 .840000
.520000 .880000
.520000 .920000
.520000 .960000
.520000 1.000000
.560000 0
.560000 .040000
.560000 .080000
.560000 .120000
.560000 .160000
.560000 .200000
.560000 .240000
.560000 .280000
.560000 .320000
.560000 .360000
.560000 .400000
.560000 .440000
.560000 .480000
.560000 .520000
.560000 .560000
.560000 .600000
.560000 .640000
.560000 .680000
.560000 .720000
.560000 .760000
.560000 .800000
.560000 .840000
.560000 .880000
.560000 .920000
.560000 .960000
.560000 1.000000
.600000 0
.600000 .040000
.600000 .080000
.600000 .120000
.600000 .160000
.600000 .200000
.600000 .240000
.600000 .280000
.600000 .320000
.600000 .360000
.600000 .400000
.600000 .440000
.600000 .480000
.600000 .520000
.600000 .560000
.600000 .600000
.600000 .640000
.600000 .680000
.600000 .720000
.600000 .760000
.600000 .800000
.600000 .840000
.600000 .880000
.600000 .920000
.600000 .960000
.600000 1.000000
.640000 0
.640000 .040000
.640000 .080000
.640000 .120000
.640000 .160000
.640000 .200000
.640000 .240000
.640000 .280000
.640000 .320000
.640000 .360000
.640000 .400000
.640000 .440000
.640000 .480000
.640000 .520000
.640000 .560000
.640000 .600000
.640000 .640000
.640000 .680000
.640000 .720000
.640000 .760000
.640000 .800000
.640000 .840000
.640000 .880000
.640000 .920000
.640000 .960000
.640000 1.000000
.680000 0
.680000 .040000
.680000 .080000
.680000 .120000
.680000 .160000
.680000 .200000
.680000 .240000
.680000 .280000
.680000 .320000
.680000 .360000
.680000 .400000
.680000 .440000
.680000 .480000
.680000 .520000
.680000 .560000
.680000 .600000
.680000 .640000
.680000 .680000
.680000 .720000
.680000 .760000
.680000 .800000
.680000 .840000
.680000 .880000
.680000 .920000
.680000 .960000
.680000 1.000000
.720000 0
.720000 .040000
.720000 .080000
.720000 .120000
.720000 .160000
.720000 .200000
.720000 .240000
.720000 .280000
.720000 .320000
.720000 .360000
.720000 .400000
.720000 .440000
.720000 .480000
.720000 .520000
.720000 .560000
.720000 .600000
.720000 .640000
.720000 .680000
.720000 .720000
.720000 .760000
.720000 .800000
.720000 .840000
.720000 .880000
.720000 .920000
.720000 .960000
.720000 1.000000
.760000 0
.760000 .040000
.760000 .080000
.760000 .120000
.760000 .160000
.760000 .200000
.760000 .240000
.760000 .280000
.760000 .320000
.760000 .360000
.760000 .400000
.760000 .440000
.760000 .480000
.760000 .520000
.760000 .560000
.760000 .600000
.760000 .640000
.760000 .680000
.760000 .720000
.760000 .760000
.760000 .800000
.760000 .840000
.760000 .880000
.760000 .920000
.760000 .960000
.760000 1.000000
.800000 0
.800000 .040000
.800000 .080000
.800000 .120000
.800000 .160000
.800000 .200000
.800000 .240000
.800000 .280000
.800000 .320000
.800000 .360000
.800000 .400000
.800000 .440000
.800000 .480000
.800000 .520000
.800000 .560000
.800000 .600000
.800000 .640000
.800000 .680000
.800000 .720000
.800000 .760000
.800000 .800000
.800000 .840000
.800000 .880000
.800000 .920000
.800000 .960000
.800000 1.000000
.840000 0
.840000 .040000
.840000 .080000
.840000 .120000
.840000 .160000
.840000 .200000
.840000 .240000
.840000 .280000
.840000 .320000
.840000 .360000
.840000 .400000
.840000 .440000
.840000 .480000
.840000 .520000
.840000 .560000
.840000 .600000
.840000 .640000
.840000 .680000
.840000 .720000
.840000 .760000
.840000 .800000
.840000 .840000
.840000 .880000
.840000 .920000
.840000 .960000
.840000 1.000000
.880000 0
.880000 .040000
.880000 .080000
.880000 .120000
.880000 .160000
.880000 .200000
.880000 .240000
.880000 .280000
.880000 .320000
.880000 .360000
.880000 .400000
.880000 .440000
.880000 .480000
.880000 .520000
.880000 .560000
.880000 .600000
.880000 .640000
.880000 .680000
.880000 .720000
.880000 .760000
.880000 .800000
.880000 .840000
.880000 .880000
.880000 .920000
.880000 .960000
.880000 1.000000
.920000 0
.920000 .040000
.920000 .080000
.920000 .120000
.920000 .160000
.920000 .200000
.920000 .240000
.920000 .280000
.920000 .320000
.920000 .360000
.920000 .400000
.920000 .440000
.920000 .480000
.920000 .520000
.920000 .560000
.920000 .600000
.920000 .640000
.920000 .680000
.920000 .720000
.920000 .760000
.920000 .800000
.920000 .840000
.920000 .880000
.920000 .920000
.920000 .960000
.920000 1.000000
.960000 0
.960000 .040000
.960000 .080000
.960000 .120000
.960000 .160000
.960000 .200000
.960000 .240000
.960000 .280000
.960000 .320000
.960000 .360000
.960000 .400000
.960000 .440000
.960000 .480000
.960000 .520000
.960000 .560000
.960000 .600000
.960000 .640000
.960000 .680000
.960000 .720000
.960000 .760000
.960000 .800000
.960000 .840000
.960000 .880000
.960000 .920000
.960000 .960000
.960000 1.000000
1.000000 0
1.000000 .040000
1.000000 .080000
1.000000 .120000
1.000000 .160000
1.000000 .200000
1.000000 .240000
1.000000 .280000
1.000000 .320000
1.000000 .360000
1.000000 .400000
1.000000 .440000
1.000000 .480000
1.000000 .520000
1.000000 .560000
1.000000 .600000
1.000000 .640000
1.000000 .680000
1.000000 .720000
1.000000 .760000
1.000000 .800000
1.000000 .840000
1.000000 .880000
1.000000 .920000
1.000000 .960000
1.000000 1.000000
